        \n         !    "    #    $    %    &    '    (    )    *    +    ,    -    .    /    0    1    2    3    4    5    6    7    8    9    :    ;    <    =    >    ?    @    A    B    C    D    E    F    G    H    I    J    K    L    M    N    O    P    Q    R    S    T    U    V    W    X    Y    Z    [    \    ]    ^    _    `    a    b    c    d    e    f    g    h    i    j    k    l    m    n    o    p    q    r    s    t    u    v    w    x    y    z    {    |    }    ~    
0   0    9    9    5    5    5    5    5    5    5    5    5    5    5    7    8    5    5    1    2    2    2    2    2    3    3    3    3    6    5    4    5    5    5    5    5    5    5    5    5    5    5    5    5    5    5    5    5    5    5    5    5    5    5    5    5    5    5    5    5    5    5    5    5    5    5    5    5    5    5    5    5    5    5    5    5    5    5    5    5    5    5    5    5    5    5    5    5    5    5    5    5    5    5    5    5    5    5
1   1   11    5    5    5    5    5    5    5    5    5    5    5    5    5    5    5    5   10   10   10   10   10   10   10   10   10   10    5    5    4    5    5    5    5    5    5    5    5    5    5    5    5    5    5    5    5    5    5    5    5    5    5    5    5    5    5    5    5    5    5    5    5    5    5    5    5    5    5    5    5    5    5    5    5    5    5    5    5    5    5    5    5    5    5    5    5    5    5    5    5    5    5    5    5    5    5    5
1   2   11    5    5    5    5    5    5    5    5    5    5    5    5    5    5    5    5   12   12   12   12   12   12   12   12   12   12    5    5    4    5    5    5    5    5    5    5    5    5    5    5    5    5    5    5    5    5    5    5    5    5    5    5    5    5    5    5    5    5    5    5    5    5    5    5    5    5    5    5    5    5    5    5    5    5    5    5    5    5    5    5    5    5    5    5    5    5    5    5    5    5    5    5    5    5    5    5
1   3   11    5    5    5    5    5    5    5    5    5    5    5    5    5    5    5    5   13   13   13   13   13   13   13   13   13   13    5    5    4    5    5    5    5    5    5    5    5    5    5    5    5    5    5    5    5    5    5    5    5    5    5    5    5    5    5    5    5    5    5    5    5    5    5    5    5    5    5    5    5    5    5    5    5    5    5    5    5    5    5    5    5    5    5    5    5    5    5    5    5    5    5    5    5    5    5    5
0   4   11    5    5    5    5    5    5    5    5    5    5    5    5    5    5    5   14    5    5    5    5    5    5    5    5    5    5    5    5    5    5    5    5    5    5    5    5    5    5    5    5    5    5    5    5    5    5    5    5    5    5    5    5    5    5    5    5    5    5    5    5    5    5    5    5    5    5    5    5    5    5    5    5    5   15    5    5    5    5    5    5    5    5    5    5    5    5    5    5    5    5    5    5    5    5    5    5
0   5   11    5    5    5    5    5    5    5    5    5    5    5    5    5    5    5    5    5    5    5    5    5    5    5    5    5    5    5    5    4    5    5    5    5    5    5    5    5    5    5    5    5    5    5    5    5    5    5    5    5    5    5    5    5    5    5    5    5    5    5    5    5    5    5    5    5    5    5    5    5    5    5    5    5    5    5    5    5    5    5    5    5    5    5    5    5    5    5    5    5    5    5    5    5    5    5    5
1   6   -1   -1   -1   -1   -1   -1   -1   -1   -1   -1   -1   -1   -1   -1   -1   -1   -1   -1   -1   -1   -1   -1   -1   -1   -1   -1   -1   -1   -1   -1   -1   -1   -1   -1   -1   -1   -1   -1   -1   -1   -1   -1   -1   -1   -1   -1   -1   -1   -1   -1   -1   -1   -1   -1   -1   -1   -1   -1   -1   -1   -1   -1   -1   -1   -1   -1   -1   -1   -1   -1   -1   -1   -1   -1   -1   -1   -1   -1   -1   -1   -1   -1   -1   -1   -1   -1   -1   -1   -1   -1   -1   -1   -1   -1   -1   -1   -1
1   7   -1   -1   -1   -1   -1   -1   -1   -1   -1   -1   -1   -1   -1   -1   -1   -1   -1   -1   -1   -1   -1   -1   -1   -1   -1   -1   -1   -1   -1   -1   -1   -1   -1   -1   -1   -1   -1   -1   -1   -1   -1   -1   -1   -1   -1   -1   -1   -1   -1   -1   -1   -1   -1   -1   -1   -1   -1   -1   -1   -1   -1   -1   -1   -1   -1   -1   -1   -1   -1   -1   -1   -1   -1   -1   -1   -1   -1   -1   -1   -1   -1   -1   -1   -1   -1   -1   -1   -1   -1   -1   -1   -1   -1   -1   -1   -1   -1
0   8   -1   -1   -1   -1   -1   -1   -1   -1   -1   -1   -1   -1   -1   -1   16   -1   -1   -1   -1   -1   -1   -1   -1   -1   -1   -1   -1   -1   -1   -1   -1   -1   -1   -1   -1   -1   -1   -1   -1   -1   -1   -1   -1   -1   -1   -1   -1   -1   -1   -1   -1   -1   -1   -1   -1   -1   -1   -1   -1   -1   -1   -1   -1   -1   -1   -1   -1   -1   -1   -1   -1   -1   -1   -1   -1   -1   -1   -1   -1   -1   -1   -1   -1   -1   -1   -1   -1   -1   -1   -1   -1   -1   -1   -1   -1   -1   -1
1   9   -1   -1   -1   -1   -1   -1   -1   -1   -1   -1   -1   -1   -1   -1   -1   -1   -1   -1   -1   -1   -1   -1   -1   -1   -1   -1   -1   -1   -1   -1   -1   -1   -1   -1   -1   -1   -1   -1   -1   -1   -1   -1   -1   -1   -1   -1   -1   -1   -1   -1   -1   -1   -1   -1   -1   -1   -1   -1   -1   -1   -1   -1   -1   -1   -1   -1   -1   -1   -1   -1   -1   -1   -1   -1   -1   -1   -1   -1   -1   -1   -1   -1   -1   -1   -1   -1   -1   -1   -1   -1   -1   -1   -1   -1   -1   -1   -1
1  10   11   -1   -1   -1   -1   -1   -1   -1   -1   -1   -1   -1   -1   -1   -1   -1   -1   17   17   17   17   17   17   17   17   17   17   -1   -1    4   -1   -1   -1   -1   -1   -1   -1   -1   -1   -1   -1   -1   -1   -1   -1   -1   -1   -1   -1   -1   -1   -1   -1   -1   -1   -1   -1   -1   -1   -1   -1   -1   -1   -1   -1   -1   -1   -1   -1   -1   -1   -1   -1   -1   -1   -1   -1   -1   -1   -1   -1   -1   -1   -1   -1   -1   -1   -1   -1   -1   -1   -1   -1   -1   -1   -1   -1
0  11   18    5    5    5    5    5    5    5    5    5    5    5    5    5    5    5    5    5    5    5    5    5    5    5    5    5    5    5    5    4    5    5    5    5    5    5    5    5    5    5    5    5    5    5    5    5    5    5    5    5    5    5    5    5    5    5    5    5    5    5    5    5    5    5    5    5    5    5    5    5    5    5    5    5    5    5    5    5    5    5    5    5    5    5    5    5    5    5    5    5    5    5    5    5    5    5    5
1  12   11    5    5    5    5    5    5    5    5    5    5    5    5    5    5    5    5   19   19   19   19   19   19   19   19   19   19    5    5    4    5    5    5    5    5    5    5    5    5    5    5    5    5    5    5    5    5    5    5    5    5    5    5    5    5    5    5    5    5    5    5    5    5    5    5    5    5    5    5    5    5    5    5    5    5    5    5    5    5    5    5    5    5    5    5    5    5    5    5    5    5    5    5    5    5    5    5
1  13   11    5    5    5    5    5    5    5    5    5    5    5    5    5    5    5    5   19   19   19   19   19   19   19   19   19   19    5    5    4    5    5    5    5    5    5    5    5    5    5    5    5    5    5    5    5    5    5    5    5    5    5    5    5    5    5    5    5    5    5    5    5    5    5    5    5    5    5    5    5    5    5    5    5    5    5    5    5    5    5    5    5    5    5    5    5    5    5    5    5    5    5    5    5    5    5    5
0  14   11    5    5    5    5    5    5    5    5    5    5    5    5    5    5    5    5    5    5    5    5    5    5    5    5    5    5    5    5    5    5    5    5    5    5    5    5    5    5    5    5    5    5    5    5    5    5    5    5    5    5    5    5    5    5    5    5    5    5    5    5    5    5    5    5    5    5    5    5    5    5    5    5    5   20    5    5    5    5    5    5    5    5    5    5    5    5    5    5    5    5    5    5    5    5    5    5
0  15   11    5    5    5    5    5    5    5    5    5    5    5    5    5    5    5    5    5    5    5    5    5    5    5    5    5    5    5    5    5    5   21    5    5    5    5    5    5    5    5    5    5    5    5    5    5    5    5    5    5    5    5    5    5    5    5    5    5    5    5    5    5    5    5    5    5    5    5    5    5    5    5    5    5    5    5    5    5    5    5    5    5    5    5    5    5    5    5    5    5    5    5    5    5    5    5    5
0  16   -1   -1   -1   -1   -1   -1   -1   -1   -1   -1   -1   -1   -1   -1   -1   -1   -1   -1   -1   -1   -1   -1   -1   -1   -1   -1   -1   -1   -1   -1   -1   22   -1   -1   -1   -1   -1   -1   -1   -1   -1   -1   -1   -1   -1   -1   -1   -1   -1   -1   -1   -1   -1   -1   -1   -1   -1   -1   -1   -1   -1   -1   -1   -1   -1   -1   -1   -1   -1   -1   -1   -1   -1   -1   -1   -1   -1   -1   -1   -1   -1   -1   -1   -1   -1   -1   -1   -1   -1   -1   -1   -1   -1   -1   -1   -1   -1
1  17   11    5    5    5    5    5    5    5    5    5    5    5    5    5    5    5    5    5    5    5    5    5    5    5    5    5    5    5    5    4    5    5    5    5    5    5    5    5    5    5    5    5    5    5    5    5    5    5    5    5    5    5    5    5    5    5    5    5    5    5    5    5    5    5    5    5    5    5    5    5    5    5    5    5    5    5    5    5    5    5    5    5    5    5    5    5    5    5    5    5    5    5    5    5    5    5    5
1  18   -1   -1   -1   -1   -1   -1   -1   -1   -1   -1   -1   -1   -1   -1   -1   -1   -1   -1   -1   -1   -1   -1   -1   -1   -1   -1   -1   -1   -1   -1   -1   -1   -1   -1   -1   -1   -1   -1   -1   -1   -1   -1   -1   -1   -1   -1   -1   -1   -1   -1   -1   -1   -1   -1   -1   -1   -1   -1   -1   -1   -1   -1   -1   -1   -1   -1   -1   -1   -1   -1   -1   -1   -1   -1   -1   -1   -1   -1   -1   -1   -1   -1   -1   -1   -1   -1   -1   -1   -1   -1   -1   -1   -1   -1   -1   -1   -1
1  19   11    5    5    5    5    5    5    5    5    5    5    5    5    5    5    5    5   23   23   23   23   23   23   23   23   23   23    5    5    4    5    5    5    5    5    5    5    5    5    5    5    5    5    5    5    5    5    5    5    5    5    5    5    5    5    5    5    5    5    5    5    5    5    5    5    5    5    5    5    5    5    5    5    5    5    5    5    5    5    5    5    5    5    5    5    5    5    5    5    5    5    5    5    5    5    5    5
0  20   11    5    5    5    5    5    5    5    5    5    5    5    5    5    5    5    5    5    5    5    5    5    5    5    5    5    5    5    5    5    5   24    5    5    5    5    5    5    5    5    5    5    5    5    5    5    5    5    5    5    5    5    5    5    5    5    5    5    5    5    5    5    5    5    5    5    5    5    5    5    5    5    5    5    5    5    5    5    5    5    5    5    5    5    5    5    5    5    5    5    5    5    5    5    5    5    5
1  21   -1   -1   -1   -1   -1   -1   -1   -1   -1   -1   -1   -1   -1   -1   -1   -1   -1   -1   -1   -1   -1   -1   -1   -1   -1   -1   -1   -1   -1   -1   -1   -1   -1   -1   -1   -1   -1   -1   -1   -1   -1   -1   -1   -1   -1   -1   -1   -1   -1   -1   -1   -1   -1   -1   -1   -1   -1   -1   -1   -1   -1   -1   -1   -1   -1   -1   -1   -1   -1   -1   -1   -1   -1   -1   -1   -1   -1   -1   -1   -1   -1   -1   -1   -1   -1   -1   -1   -1   -1   -1   -1   -1   -1   -1   -1   -1   -1
1  22   -1   -1   -1   -1   -1   -1   -1   -1   -1   -1   -1   -1   -1   -1   -1   -1   -1   -1   -1   -1   -1   -1   -1   -1   -1   -1   -1   -1   -1   -1   -1   -1   -1   -1   -1   -1   -1   -1   -1   -1   -1   -1   -1   -1   -1   -1   -1   -1   -1   -1   -1   -1   -1   -1   -1   -1   -1   -1   -1   -1   -1   -1   -1   -1   -1   -1   -1   -1   -1   -1   -1   -1   -1   -1   -1   -1   -1   -1   -1   -1   -1   -1   -1   -1   -1   -1   -1   -1   -1   -1   -1   -1   -1   -1   -1   -1   -1
1  23   11    5    5    5    5    5    5    5    5    5    5    5    5    5    5    5    5   23   23   23   23   23   23   23   23   23   23    5    5    4    5    5    5    5    5    5    5    5    5    5    5    5    5    5    5    5    5    5    5    5    5    5    5    5    5    5    5    5    5    5    5    5    5    5    5    5    5    5    5    5    5    5    5    5    5    5    5    5    5    5    5    5    5    5    5    5    5    5    5    5    5    5    5    5    5    5    5
1  24   -1   -1   -1   -1   -1   -1   -1   -1   -1   -1   -1   -1   -1   -1   -1   -1   -1   -1   -1   -1   -1   -1   -1   -1   -1   -1   -1   -1   -1   -1   -1   -1   -1   -1   -1   -1   -1   -1   -1   -1   -1   -1   -1   -1   -1   -1   -1   -1   -1   -1   -1   -1   -1   -1   -1   -1   -1   -1   -1   -1   -1   -1   -1   -1   -1   -1   -1   -1   -1   -1   -1   -1   -1   -1   -1   -1   -1   -1   -1   -1   -1   -1   -1   -1   -1   -1   -1   -1   -1   -1   -1   -1   -1   -1   -1   -1   -1
